((("possibly" .
   [1 0 0 0 0 0 0 0])
  ("out" .
   [1 0 0])
  ("repo" .
   [1 0 0 0])
  ("config" .
   [0 0 0 0 0 1])
  ("try" .
   [2 0 0])
  ("would" .
   [1 0 0 0 0])
  ("change" .
   [1 0 0 0 0 0])
  ("some" .
   [4 0 0 0])
  ("need" .
   [1 0 0 0])
  ("my" .
   [2 0])
  ("doing" .
   [1 0 0 0 0])
  ("what" .
   [1 0 0 0])
  ("want" .
   [1 0 0 0])
  ("you" .
   [2 0 0])
  ("read" .
   [1 0 0 0])
  ("should" .
   [1 0 0 0 0 0])
  ("more" .
   [1 0 0 0])
  ("way" .
   [3 0 0])
  ("It" .
   [1 0])
  ("taken" .
   [1 0 0 0 0])
  ("been" .
   [1 0 0 0])
  ("has" .
   [1 0 0])
  ("your" .
   [3 0 0 0])
  ("part" .
   [2 0 0 0])
  ("add" .
   [1 0 0])
  ("finally" .
   [1 0 0 0 0 0 0])
  ("external" .
   [1 0 0 0 0 0 0 0])
  ("server" .
   [3 0 0 0 0 0])
  ("since" .
   [1 0 0 0 0])
  ("npm" .
   [2 0 0])
  ("tern" .
   [3 0 0 0])
  ("Also" .
   [1 0 0 0])
  ("from" .
   [2 0 0 0])
  ("following" .
   [0 0 0 0 1 0 1 0 0])
  ("install" .
   [3 0 0 0 0 1 0])
  ("then" .
   [1 0 0 0])
  ("list" .
   [2 0 0 0])
  ("them" .
   [1 0 0 0])
  ("final" .
   [1 0 0 0 0])
  ("emacs" .
   [5 0 0 0 0])
  ("which" .
   [4 0 0 0 0])
  ("files" .
   [2 0 0 0 0])
  ("or" .
   [2 0])
  ("quick" .
   [1 0 0 0 0])
  ("owing" .
   [1 0 0 0 0])
  ("options" .
   [1 0 0 0 0 0 0])
  ("most" .
   [1 0 0 0])
  ("than" .
   [1 0 0 0])
  ("better" .
   [1 0 0 0 1 0])
  ("much" .
   [1 0 0 0])
  ("still" .
   [1 0 0 0 0])
  ("But" .
   [1 0 0])
  ("code" .
   [1 0 0 0])
  ("on" .
   [1 0])
  ("by" .
   [5 0])
  ("JS" .
   [2 0])
  ("similar" .
   [1 0 0 0 0 0 0])
  ("something" .
   [1 0 0 0 0 0 0 0 0])
  ("though" .
   [0 0 0 0 0 1])
  ("using" .
   [5 0 0 0 0])
  ("eclipse" .
   [1 0 0 0 0 0 0])
  ("Java" .
   [1 0 0 0])
  ("can" .
   [3 0 0])
  ("resp" .
   [1 0 0 0])
  ("assert" .
   [0 0 0 0 0 1])
  ("console" .
   [1 0 2 8 2 1 0])
  ("q2" .
   [1 0])
  ("q1" .
   [1 0])
  ("optimize-free" .
   [0 0 0 0 0 2 0 0 0 0 0 0 0])
  ("node-wkmt" .
   [0 0 0 0 0 0 0 1 0])
  ("nodes" .
   [2 0 0 0 0])
  ("All" .
   [1 0 0])
  ("node-name" .
   [3 0 0 0 0 0 1 0 0])
  ("an" .
   [5 0])
  ("links" .
   [2 0 0 0 0])
  ("a.999" .
   [1 0 0 0 0])
  ("parse-scheme" .
   [0 0 0 0 0 0 1 0 0 0 0 0])
  ("a.1000" .
   [1 0 0 0 0 0])
  ("and" .
   [14 0 0])
  ("number" .
   [1 0 0 0 0 0])
  ("unique" .
   [0 0 0 0 4 0])
  ("y" .
   [1])
  ("t2" .
   [1 0])
  ("l3" .
   [2 0])
  ("l2" .
   [8 0])
  ("ls2" .
   [3 0 0])
  ("ls1" .
   [2 0 0])
  ("l1" .
   [20 0])
  ("k.3" .
   [2 0 0])
  ("k.2" .
   [4 0 0])
  ("k.1" .
   [2 0 0])
  ("#f" .
   [4 0])
  ("symbol?" .
   [0 0 0 0 0 1 0])
  ("begin" .
   [6 0 0 1 0])
  ("Not" .
   [1 0 0])
  ("this" .
   [1 0 0 0])
  ("vector?" .
   [2 0 0 0 0 0 0])
  ("guard" .
   [1 0 0 0 0])
  ("exp" .
   [16 0 0])
  ("Datum" .
   [1 0 0 0 0])
  ("extend" .
   [1 0 0 0 0 0])
  ("runsync" .
   [1 0 0 0 0 0 0])
  ("spawnSync" .
   [0 0 1 1 0 1 0 0 0])
  ("child_process" .
   [0 0 2 0 0 0 0 0 0 0 0 0 0])
  ("to_string" .
   [0 0 0 0 0 2 0 0 1])
  ("Progress" .
   [0 0 0 0 0 0 1 0])
  ("LastSocket" .
   [0 0 0 0 0 1 2 0 0 1])
  ("LastLength" .
   [2 0 0 0 0 2 2 0 0 0])
  ("LastType" .
   [0 0 1 0 0 2 0 0])
  ("LastPrint" .
   [1 0 0 3 2 0 0 0 0])
  ("logM" .
   [1 0 0 0])
  ("registerSocket" .
   [0 0 0 0 0 0 0 0 0 1 0 0 0 0])
  ("printTS" .
   [1 0 0 0 0 0 0])
  ("print" .
   [2 0 0 0 0])
  ("it1" .
   [1 0 0])
  ("finalStr" .
   [0 0 0 0 0 3 0 0])
  ("message1" .
   [0 0 0 0 0 1 0 0])
  ("length1" .
   [2 0 0 0 0 0 0])
  ("double" .
   [2 0 0 0 0 0])
  ("num_pieces" .
   [0 0 0 0 0 0 0 1 0 0])
  ("m" .
   [7])
  ("messge" .
   [1 0 0 4 1 0])
  ("c_str" .
   [1 0 0 1 0])
  ("parseBitField" .
   [0 0 0 0 0 0 0 1 0 0 0 0 0])
  ("log_if" .
   [1 0 0 0 1 0])
  ("log" .
   [5 0 1])
  ("bt_type" .
   [1 0 0 0 3 0 0])
  ("bt_msg_t" .
   [0 0 0 0 2 2 0 0])
  ("bff" .
   [4 0 0])
  ("message" .
   [17 0 0 0 0 0 1])
  ("length" .
   [8 0 8 6 5 1])
  ("msg" .
   [10 0 1])
  ("closeFile" .
   [0 0 0 0 0 1 0 0 0])
  ("bitfiled" .
   [1 0 1 1 1 0 0 0])
  ("payload" .
   [1 0 0 0 2 0 0])
  ("unsigned" .
   [3 0 0 2 1 0 0 1])
  ("bitfield" .
   [5 0 0 4 1 1 0 0])
  ("ch" .
   [1 0])
  ("bit" .
   [4 0 0])
  ("short" .
   [8 0 0 0 0])
  ("b" .
   [6])
  ("bt_info_t" .
   [0 0 0 0 0 1 0 0 0])
  ("bt" .
   [5 0])
  ("bt_args" .
   [4 0 0 0 0 0 0])
  ("unordered_map" .
   [0 0 0 0 1 0 0 0 0 0 0 0 0])
  ("args" .
   [1 0 0 1])
  ("MAX_PORT" .
   [0 0 1 1 0 0 0 0])
  ("INIT_PORT" .
   [0 0 1 2 0 0 0 0 0])
  ("port" .
   [17 0 0 0])
  ("peer" .
   [1 0 0 0])
  ("so" .
   [2 0])
  ("make_socket_non_blocking" .
   [0 0 0 0 0 0 1 0 0 0 0 0 0 0 0 0 0 0 0 0 0 0 0 0])
  ("closures" .
   [1 0 0 0 0 0 0 0])
  ("offset-procedure-data" .
   [0 0 0 0 0 0 0 0 0 0 0 0 1 0 0 0 0 0 0 0 0])
  ("disp-procedure-code" .
   [0 0 0 0 0 0 0 0 0 0 1 0 0 0 0 0 0 0 0])
  ("unique-label" .
   [3 0 0 1 0 0 0 0 1 0 0 2])
  ("id" .
   [1 0])
  ("peerData" .
   [3 0 0 0 0 0 0 0])
  ("normalize-context" .
   [0 0 0 0 1 0 0 0 0 0 0 0 0 0 0 0 0])
  ("specify-representation" .
   [0 0 0 1 0 0 0 0 0 0 0 0 0 0 0 0 0 0 0 0 0 0])
  ("Compiler" .
   [0 0 0 4 0 0 0 0])
  ("estRtt" .
   [0 0 0 1 0 0])
  ("sampleRtt" .
   [0 0 0 1 1 0 0 0 0])
  ("c" .
   [13])
  ("fd" .
   [1 0])
  ("feof" .
   [1 0 0 0])
  ("break" .
   [10 0 0 0 1])
  ("senderState" .
   [0 0 0 0 0 1 2 3 1 0 0])
  ("maxSeq" .
   [1 0 0 3 1 1])
  ("max" .
   [1 0 0])
  ("write" .
   [1 0 0 0 0])
  ("writeSize" .
   [0 0 1 1 0 0 1 0 0])
  ("expSeq" .
   [1 0 0 0 2 0])
  ("totalPackets" .
   [0 0 0 0 1 0 0 1 0 0 0 0])
  ("DATA_SIZE" .
   [2 0 0 5 0 0 0 0 0])
  ("e" .
   [3])
  ("continue" .
   [1 0 0 0 0 0 0 0])
  ("ack" .
   [5 0 0])
  ("else" .
   [21 1 0 0])
  ("window_size" .
   [0 0 0 1 0 0 0 1 0 0 0])
  ("uint16_t" .
   [0 0 0 0 1 0 0 0])
  ("sender" .
   [2 0 0 0 0 0])
  ("expSeqNum" .
   [0 0 0 3 0 0 0 0 0])
  ("windowSize" .
   [3 0 1 5 2 0 1 1 0 0])
  ("lastRecievedSeq" .
   [1 0 0 1 1 1 1 0 0 0 0 0 0 0 0])
  ("recieverState" .
   [0 0 0 2 5 2 0 0 0 0 2 0 0])
  ("skip" .
   [3 0 0 0])
  ("temp" .
   [3 0 1 0])
  ("long" .
   [28 0 0 0])
  ("lastAckedNum" .
   [0 0 0 4 5 0 0 0 0 0 0 0])
  ("seqnum" .
   [0 0 0 1 0 0])
  ("do" .
   [4 0])
  ("err" .
   [1 0 0])
  ("in" .
   [11 0])
  ("re" .
   [13 1])
  ("into" .
   [0 0 0 2])
  ("error" .
   [12 0 0 2 1])
  ("send" .
   [7 0 0 0])
  ("windowCounter" .
   [8 1 0 3 4 0 0 0 2 0 0 0 1])
  ("cpp" .
   [1 0 0])
  ("include" .
   [6 0 0 0 1 0 0])
  ("static_cast" .
   [2 0 0 0 0 0 0 0 0 0 0])
  ("un" .
   [1 0])
  ("char" .
   [75 0 0 0])
  ("auto" .
   [8 0 0 0])
  ("s" .
   [20])
  ("unique_ptr" .
   [3 0 1 2 0 0 0 0 0 0])
  ("NULL" .
   [12 0 0 0])
  ("func_args" .
   [2 0 0 0 0 1 0 0 0])
  ("Print" .
   [0 0 0 0 1])
  ("i" .
   [21])
  ("eof" .
   [2 0 0])
  ("bool" .
   [5 0 0 0])
  ("junk" .
   [1 0 0 0])
  ("move" .
   [5 0 0 0])
  ("cb" .
   [8 0])
  ("toCb" .
   [6 0 0 0])
  ("forw" .
   [5 0 0 0])
  ("void" .
   [34 0 0 0])
  ("func" .
   [4 0 0 0])
  ("r" .
   [9])
  ("t" .
   [8])
  ("to" .
   [19 0])
  ("f" .
   [16])
  ("of" .
   [5 0])
  ("st" .
   [3 0])
  ("start" .
   [3 0 0 0 0])
  ("stat" .
   [1 0 0 0])
  ("buffer_size" .
   [1 0 0 0 0 0 0 0 0 0 0])
  ("fpath" .
   [0 0 2 0 0])
  ("totalSize" .
   [0 0 0 0 1 0 0 0 0])
  ("seq" .
   [20 0 0])
  ("ret" .
   [18 0 0])
  ("common" .
   [2 0 1 0 0 0])
  ("std" .
   [15 0 0])
  ("cin" .
   [0 0 2])
  ("cout" .
   [13 0 21 56])
  ("n.1" .
   [1 0 0])
  ("fixnum?" .
   [1 0 0 0 0 0 0])
  ("self" .
   [1 0 0 0])
  ("def" .
   [0 0 1])
  ("Class" .
   [1 0 0 0 0])
  ("setup" .
   [1 0 0 0 0])
  ("ImportWarning" .
   [0 0 1 0 0 0 0 0 0 0 0 0 0])
  ("ImportError" .
   [1 0 0 0 0 0 0 0 0 0 0])
  ("function" .
   [0 0 0 0 1 0 0 0])
  ("defun" .
   [0 0 0 0 1])
  ("require" .
   [1 0 0 0 1 0 0])
  ("x-dnd" .
   [0 1 0 0 0])
  ("dash" .
   [0 0 0 1])
  ("while" .
   [24 0 0 0 1])
  ("for" .
   [10 0 0])
  ("int" .
   [54 0 0])
  ("appglobals" .
   [0 0 0 1 0 0 0 0 0 0])
  ("recieve_port" .
   [0 0 0 1 0 0 0 0 0 0 0 0])
  ("isRequest" .
   [0 0 1 0 0 0 0 0 0])
  ("true" .
   [13 1 0 1])
  ("udp_header" .
   [0 0 2 1 0 0 0 0 0 0])
  ("header" .
   [7 0 0 1 3 1])
  ("h" .
   [3])
  ("info" .
   [20 0 0 0])
  ("fileInfo" .
   [11 0 0 0 0 2 4 0])
  ("size" .
   [32 2 3 1])
  ("filename" .
   [0 0 0 2 0 3 0 0])
  ("pack" .
   [1 0 0 0])
  ("packet" .
   [2 0 0 0 0 0])
  ("createRequestPacket" .
   [0 0 0 0 0 0 1 0 0 0 0 0 0 0 0 0 0 0 1])
  ("data" .
   [70 0 0 0])
  ("file" .
   [5 0 0 1])
  ("mem" .
   [7 0 0])
  ("sizeof" .
   [18 0 0 0 0 1])
  ("return" .
   [11 0 0 0 2 2])
  ("readPacket" .
   [1 0 0 0 1 1 0 0 0 0])
  ("npac" .
   [3 0 1 0])
  ("getFileInfoFromData" .
   [0 0 0 0 0 4 0 0 1 0 0 0 0 0 0 0 0 0 0])
  ("if" .
   [30 0])
  ("fi" .
   [4 0])
  ("finfo" .
   [3 0 0 3 0])
  ("buf" .
   [15 0 1])
  ("strlen" .
   [3 0 0 0 0 0])
  ("string" .
   [25 0 0 0 0 0])
  ("fname" .
   [3 0 0 0 0])
  ("cl_addr" .
   [0 0 0 0 0 1 0])
  ("respath" .
   [2 0 0 0 1 0 0])
  ("getFileSize" .
   [0 0 0 0 0 0 1 2 1 0 0])
  ("name" .
   [24 1 0 1])
  ("buffer" .
   [3 0 0 0 2 0])
  ("PACKET_SIZE" .
   [0 0 2 0 1 0 0 0 0 0 0])
  ("hasFileInfo" .
   [0 0 0 1 1 0 0 0 0 0 0])
  ("test" .
   [2 0 0 0])
  ("a" .
   [8])
  ("sleep" .
   [14 0 2 4 5])
  ("nf" .
   [6 0])
  ("delete" .
   [1 0 0 1 1 0])
  ("testFileInfo" .
   [0 0 0 0 0 0 0 0 0 1 0 0])
  ("endif" .
   [1 0 0 0 0])
  ("sendPacket" .
   [2 0 0 0 3 0 0 0 0 0])
  ("sockaddr" .
   [0 0 0 0 0 0 1 0])
  ("clientaddr" .
   [0 0 0 1 1 0 0 0 0 0])
  ("clientlen" .
   [0 0 0 1 0 0 0 0 0])
  ("waitTime" .
   [0 0 0 1 0 0 0 0])
  ("rtt" .
   [2 0 0])
  ("Ack" .
   [0 0 2])
  ("fileSize" .
   [4 0 0 0 0 4 1 0])
  ("fs" .
   [4 0])
  ("var" .
   [4 0 0])
  ("uvar?" .
   [2 0 0 0 0])
  ("u" .
   [3])
  ("v" .
   [3])
  ("define" .
   [10 0 0 0 1 1])
  ("cons" .
   [20 0 0 0])
  ("nop" .
   [2 0 0])
  ("display" .
   [2 0 1 0 4 3 0])
  ("prim?" .
   [1 0 0 0 0])
  ("letrec" .
   [5 0 0 0 0 0])
  ("ls" .
   [57 0])
  ("label?" .
   [1 0 0 0 0 0])
  ("t12" .
   [1 0 0])
  ("testFileCopy" .
   [0 0 0 0 0 0 1 0 0 0 0 0])
  ("present" .
   [2 0 0 0 0 0 0])
  ("printf" .
   [1 0 0 0 0 0])
  ("g" .
   [4])
  ("is" .
   [7 0])
  ("false" .
   [7 0 0 0 0])
  ("isNum" .
   [2 0 0 2 0])
  ("d" .
   [8])
  ("isData" .
   [1 0 0 0 1 1])
  ("dataSize" .
   [0 0 0 0 2 0 0 0])
  ("p" .
   [5])
  ("parseNum" .
   [1 0 0 0 0 0 2 0])
  ("const" .
   [1 0 0 0 0])
  ("get" .
   [4 0 0])
  ("parseSize" .
   [0 0 0 0 0 2 0 0 0])
  ("str" .
   [13 0 0])
  ("copy" .
   [1 0 0 0])
  ("isMeta" .
   [2 0 0 1 0 0])
  ("type" .
   [11 0 0 0])
  ("switch" .
   [2 0 1 0 1 0])
  ("case" .
   [7 0 0 0])
  ("copyString" .
   [0 0 0 1 0 0 0 0 0 0])
  ("num" .
   [14 0 0])
  ("default" .
   [1 0 0 0 0 0 0])
  ("parseDict" .
   [0 0 0 0 0 0 0 1 0])
  ("find" .
   [5 0 0 1])
  ("second" .
   [5 0 1 1 0 0])
  ("it" .
   [5 0])
  ("first" .
   [4 0 0 0 0])
  ("fmap" .
   [4 0 1 0])
  ("insert" .
   [1 0 0 0 0 0])
  ("make_pair" .
   [0 0 0 0 0 0 1 0 0])
  ("BItem" .
   [0 0 1 1 0])
  ("key" .
   [5 0 0])
  ("k" .
   [3])
  ("val" .
   [16 0 0])
  ("map" .
   [32 1 0])
  ("N" .
   [1])
  ("kk" .
   [4 0])
  ("infoVoid" .
   [1 0 0 0 0 0 0 0])
  ("dict" .
   [4 0 0 0])
  ("prefix" .
   [2 0 0 0 0 0])
  ("strKey" .
   [0 0 0 0 0 1])
  ("qqq" .
   [5 0 0])
  ("union" .
   [1 0 0 0 0])
  ("ap" .
   [2 0])
  ("lambda" .
   [7 0 0 11 6 2])
  ("lls" .
   [10 0 0])
  ("append" .
   [8 0 0 2 0 1])
  ("Expr" .
   [6 0 0 0])
  ("assq" .
   [15 0 0 0])
  ("cond" .
   [4 0 0 0])
  ("=>" .
   [4 0])
  ("let" .
   [33 0 0])
  ("cadr" .
   [10 0 0 0])
  ("..." .
   [6 0 0])
  ("Exp" .
   [1 0 2])
  ("l" .
   [10])
  ("fls" .
   [2 0 0])
  ("startRecieverThread" .
   [0 0 0 0 0 0 0 0 0 0 1 0 0 0 0 0 0 0 0])
  ("as" .
   [4 0])
  ("ex" .
   [1 0])
  ("match" .
   [1 0 0 0 0])
  ("socket" .
   [1 0 0 0 0 0])
  ("n" .
   [12])
  ("arr" .
   [9 0 0])
  ("new" .
   [1 0 0])
  ("strcpy" .
   [1 0 0 0 0 0])
  ("memcpy" .
   [2 0 0 2 1 0])
  ("piece_hashes" .
   [0 0 0 1 0 0 0 0 0 0 0 0])
  ("exists" .
   [1 0 0 0 0 0])
  ("end" .
   [2 0 0])
  ("done" .
   [1 0 0 0])
  ("sze" .
   [1 0 0])
  ("oldData" .
   [0 0 0 0 1 0 0])
  ("clear" .
   [1 0 1 0 0])
  ("malloc" .
   [0 0 0 0 1 1])
  ("pr" .
   [1 0])
  ("memq" .
   [8 0 2 2])
  ("set!" .
   [1 0 0 0])
  ("set-box!" .
   [1 0 0 0 0 0 0 0])
  ("box" .
   [1 0 0])
  ("get-set-ls" .
   [0 0 0 0 0 0 0 2 1 0])
  ("car" .
   [16 0 0])
  ("wk" .
   [1 0])
  ("free*" .
   [4 0 0 0 0])
  ("wkmt*" .
   [3 0 0 0 0])
  ("make" .
   [2 0 0 0])
  ("name*" .
   [11 0 0 0 0])
  ("free" .
   [5 0 0 0])
  ("make-node" .
   [2 0 0 0 0 0 0 0 0])
  ("free**" .
   [9 0 0 1 0 0])
  ("passed" .
   [1 0 0 0 0 0])
  ("set" .
   [1 0 0])
  ("well" .
   [1 0 0 0])
  ("o" .
   [1])
  ("procedures" .
   [1 0 0 0 0 0 0 0 0 0])
  ("returned" .
   [1 0 0 0 0 0 0 0])
  ("the" .
   [15 0 0])
  ("same" .
   [1 0 0 0])
  ("--" .
   [1 0])
  ("Replace" .
   [1 0 0 0 0 0 0])
  ("call" .
   [1 0 0 1])
  ("calls" .
   [1 0 0 0 0])
  ("well-known" .
   [0 0 0 0 0 1 0 0 0 0])
  ("wls" .
   [2 0 0])
  ("let-values" .
   [0 0 0 0 0 0 1 0 0 0])
  ("wkt" .
   [1 0 0])
  ("prune-free" .
   [0 0 0 1 0 0 0 0 0 0])
  ("cdr" .
   [14 0 0])
  ("cddr" .
   [3 0 0 0])
  ("let*-values" .
   [0 0 0 0 1 0 0 0 0 0 0])
  ("Exp*" .
   [2 0 0 0])
  ("filter" .
   [8 0 0 0 0 0])
  ("let*" .
   [9 0 0 0])
  ("bf" .
   [7 0])
  ("null?" .
   [7 0 0 0 0])
  ("bfc" .
   [4 0 0])
  ("cp" .
   [4 0])
  ("values" .
   [3 0 0 0 0 0])
  ("dummy" .
   [1 0 0 0 0])
  ("not" .
   [8 0 0])
  ("wkmt" .
   [0 0 0 1])
  ("loop" .
   [2 0 0 0])
  ("node" .
   [21 0 0 0])
  ("w" .
   [1])
  ("node-als" .
   [1 0 0 0 0 0 0 1])
  ("get-node" .
   [3 0 0 0 0 0 1 0])
  ("fr" .
   [8 0])
  ("node-free*" .
   [0 0 0 0 0 0 1 0 4 0])
  ("link" .
   [8 0 0 0])
  ("lfr" .
   [1 0 0])
  ("wk*" .
   [1 0 0])
  ("node-link*" .
   [3 0 0 0 0 0 0 0 0 0])
  ("set-node-wkmt!" .
   [0 0 0 0 0 0 1 0 0 0 0 1 0 0])
  ("Create" .
   [1 0 0 0 0 0])
  ("all" .
   [2 0 0])
  ("also" .
   [1 0 0 0])
  ("node-fr" .
   [2 0 0 0 0 0 0])
  ("set-node-free*!" .
   [0 0 0 0 0 0 0 0 0 1 1 0 0 0 0])
  ("Expr*" .
   [5 0 0 0 0])
  ("eqv?" .
   [5 0 0 0])
  ("any" .
   [1 0 0])
  ("-" .
   [2])
  ("xu" .
   [1 0])
  ("s1" .
   [2 0])
  ("pretty-print" .
   [0 0 0 1 1 0 0 0 0 0 0 0])
  ("assign-registers" .
   [0 0 0 0 0 0 0 0 1 0 0 0 0 0 0 0])
  ("set-ls" .
   [7 0 0 1 2 0])
  ("assign" .
   [1 0 0 1 1 0])
  ("regls" .
   [2 0 0 0 0])
  ("spill" .
   [2 0 0 0 0])
  ("aregls" .
   [1 0 0 0 0 0])
  ("caar" .
   [5 0 0 0])
  ("cg" .
   [14 0])
  ("fold-left" .
   [0 0 0 0 0 1 0 0 0])
  ("Client" .
   [0 0 0 0 1 0])
  ("conn" .
   [0 0 0 1])
  ("eq" .
   [1 0])
  ("system-type" .
   [0 0 0 0 0 0 0 0 1 0 0])
  ("that" .
   [2 0 0 0])
  ("its" .
   [2 0 0])
  ("really" .
   [2 0 0 0 1 0])
  ("work" .
   [1 0 0 0])
  ("use" .
   [2 0 0])
  ("javascript" .
   [0 0 0 0 0 0 1 0 0 0])
  ("debugger" .
   [1 0 0 0 0 0 0 0])
  ("seems" .
   [1 0 0 0 0])
  ("be" .
   [4 0])
  ("have" .
   [2 0 0 0])
  ("Dreamweaver" .
   [0 0 0 1 0 0 0 0 0 0 0])
  ("good" .
   [1 0 0 0])
  ("job" .
   [1 0 0])
  ("too" .
   [1 0 0])
  ("IDE" .
   [1 0 0])
  ("Emacs" .
   [3 0 0 0 0])
  ("The" .
   [4 0 0])
  ("great" .
   [1 0 0 0 0])
  ("time" .
   [2 0 0 0])))
